111130
111360
111950
110120
109720
109810
106700
106570
107710
107120
111090
109880
110310
110080
108530
110980
111400
113460
113650
113870
115390
114310
117950
117100
116810
116860
117250
118180
117330
117880
116790
117350
117700
115020
114310
113700
113400
113060
112710
112460
113160
113690
113000
111640
114420
114350
113850
113050
115190
115120
113860
108730
107510
102650
104640
107250
107830
107900
107700
106140
105660
105800
106620
107410
107390
108565
108590
108860
108770
109230
109100
109630
108140
107780
108520
108710
108230
107520
106270
105580
104810
106050
104410
104190
102830
104265
96820
98250
99260
99830
100000
99560
98700
98920
97390
97410
97170
96750
96490
95700
94600
95390
95490
94440
93970
92900
93000
92910
95940
96250
94940
96000
96620
96450
97820
97320
98690
98530
98500
99020
99250
97990
97790
97600
99020
99600
99440
99680
98670
97220
95870
94640
94640
94160
94550
92390
90000
92720
93480
93330
93000
93370
94000
95200
94200
93965
93990
97610
96000
103910
105000
105010
106930
106640
107880
108890
112110
111620
110800
109340
108970
108910
109950
110230
109510
110420
108780
109720
108650
104890
106000
105470
106480
105250
105930
106340
105520
104610
103960
101910
102240
101410
101310
100780
102390
102370
100580
100510
97650
96860
97200
96050
93980
96400
96310
96000
98840
96670
95020
94190
93790
95920
94290
93130
96520
95860
95000
95420
96470
94790
93790
96040
99930
101520
98630
97060
95100
98410
96200
97960
100320
100550
98970
98550
98680
100560
105750
102610
107010
108580
106960
107590
109000
107270
107400
107280
108910
112020
111070
111940
112180
115190
116040
117640
117520
118980
115290
116550
117050
118750
117990
118290
